1503239195,13.90,64.31
1503239255,13.93,63.19
1503239315,13.98,63.05
1503239375,14.03,63.20
1503239435,14.11,63.36
1503239495,14.15,62.98
1503239555,14.22,62.90
1503239615,14.24,62.58
1503239675,14.32,62.18
1503239735,14.38,62.07
1503239795,14.43,62.10
1503239855,14.50,62.28
1503239915,14.53,61.90
1503239975,14.59,61.24
1503240035,14.66,60.63
1503240095,14.72,60.28
1503240155,14.78,60.16
1503240215,14.81,59.50
1503240275,14.83,58.98
1503240335,14.91,58.94
1503240395,14.97,58.40
1503240455,15.03,58.09
1503240515,15.08,58.20
1503240575,15.11,58.30
1503240635,15.15,57.97
1503240695,15.19,57.69
1503240755,15.21,57.86
1503240815,15.28,58.50
1503240875,15.39,58.62
1503240935,15.42,58.73
1503240995,15.48,58.40
1503241055,15.52,58.12
1503241115,15.56,57.85
1503241175,15.59,57.66
1503241235,15.62,57.72
1503241295,15.62,56.86
1503241355,15.63,56.88
1503241415,15.70,57.05
1503241475,15.73,57.15
1503241535,15.75,56.58
1503241595,15.74,56.74
1503241655,15.72,56.48
1503241715,15.72,56.73
1503241775,15.74,56.78
1503241835,15.80,57.20
1503241895,15.87,57.33
1503241955,15.96,56.15
1503242015,15.99,56.38
1503242075,16.04,56.94
1503242135,16.12,56.57
1503242195,16.21,56.13
1503242255,16.28,56.53
1503242315,16.35,56.71
1503242375,16.43,56.62
1503242435,16.48,56.50
1503242495,16.54,56.27
1503242555,16.58,56.24
1503242615,16.64,56.15
1503242675,16.71,56.04
1503242735,16.78,55.38
1503242795,16.86,54.83
1503242855,16.89,54.99
1503242915,16.93,55.13
1503242975,16.94,54.56
1503243035,16.95,53.97
1503243095,16.98,54.08
1503243155,17.04,53.75
1503243215,17.01,53.07
1503243275,17.00,53.10
1503243335,17.03,53.58
1503243395,17.03,53.24
1503243455,17.06,53.24
1503243515,17.10,53.03
1503243575,17.09,52.73
1503243635,17.08,53.01
1503243695,17.17,53.56
1503243755,17.28,54.18
1503243815,17.37,54.22
1503243875,17.50,53.92
1503243935,17.59,53.38
1503243995,17.66,53.25
1503244055,17.74,53.03
1503244115,17.83,52.55
1503244175,17.80,50.85
1503244235,17.78,51.53
1503244295,17.83,52.20
1503244355,17.91,51.97
1503244415,17.99,51.11
1503244475,18.06,50.39
1503244535,18.09,50.45
1503244595,18.13,50.61
1503244655,18.13,50.69
1503244715,18.17,50.97
1503244775,18.23,51.13
1503244835,18.20,50.66
1503244895,18.21,50.95
1503244955,18.26,51.09
1503245015,18.34,50.81
1503245075,18.42,50.77
1503245135,18.51,51.31
1503245195,18.68,51.39
1503245255,18.84,50.49
1503245315,18.87,49.77
1503245375,18.92,49.55
1503245435,18.97,49.67
1503245495,19.00,50.03
1503245555,19.14,50.39
1503245615,19.15,49.47
1503245675,19.13,48.84
1503245735,19.15,49.10
1503245795,19.26,49.00
1503245855,19.33,48.87
1503245915,19.37,47.46
1503245975,19.28,45.82
1503246035,19.23,46.82
1503246095,19.24,47.63
1503246155,19.35,48.13
1503246215,19.51,48.26
1503246275,19.66,48.24
1503246335,19.80,48.13
1503246395,19.94,48.13
1503246455,20.11,47.72
1503246515,20.24,45.93
1503246575,20.27,45.87
1503246635,20.34,45.17
1503246695,20.28,44.46
1503246755,20.26,45.38
1503246815,20.39,45.85
1503246875,20.47,46.36
1503246935,20.49,45.40
1503246995,20.44,44.56
1503247055,20.36,44.83
1503247115,20.36,45.35
1503247175,20.48,45.17
1503247235,20.49,44.15
1503247295,20.56,43.60
1503247355,20.45,43.50
1503247415,20.53,44.53
1503247475,20.60,44.00
1503247535,20.69,44.49
1503247595,20.83,44.85
1503247655,20.93,44.12
1503247715,20.99,44.14
1503247775,20.94,43.49
1503247835,20.84,43.25
1503247895,20.72,43.28
1503247955,20.61,42.95
1503248015,20.51,43.34
1503248075,20.62,44.76
1503248135,20.79,43.61
1503248195,20.74,42.71
1503248255,20.65,42.56
1503248315,20.83,43.34
1503248375,21.02,43.06
1503248435,21.11,43.38
1503248495,21.29,44.32
1503248555,21.58,43.84
1503248615,21.81,43.19
1503248675,21.90,41.61
1503248735,21.76,40.69
1503248795,21.77,41.70
1503248855,21.84,42.25
1503248915,21.98,41.78
1503248975,22.20,42.15
1503249035,22.28,41.24
1503249095,22.28,40.76
1503249155,22.33,40.49
1503249215,22.07,39.90
1503249275,21.96,40.71
1503249335,22.06,41.55
1503249395,22.27,41.92
1503249455,22.49,41.96
1503249515,22.65,40.97
1503249575,22.63,38.23
1503249635,22.40,39.09
1503249695,22.29,38.67
1503249755,22.19,38.50
1503249815,22.10,38.27
1503249875,22.02,38.50
1503249935,22.01,39.61
1503249995,22.23,41.04
1503250055,22.56,40.86
1503250115,22.81,39.76
1503250175,22.63,37.96
1503250235,22.53,38.47
1503250295,22.22,38.51
1503250355,22.24,39.54
1503250415,22.33,39.31
1503250475,22.41,39.14
1503250535,22.58,39.69
1503250595,22.84,39.98
1503250655,23.09,39.56
1503250715,22.94,37.72
1503250775,22.80,38.42
1503250835,22.88,39.22
1503250895,23.10,39.02
1503250955,22.96,37.37
1503251015,22.82,38.25
1503251075,22.86,39.34
1503251135,23.13,39.46
1503251195,23.18,37.16
1503251255,23.09,37.16
1503251315,23.03,37.74
1503251375,23.17,38.52
1503251435,23.23,37.42
1503251495,23.07,37.23
1503251555,23.08,38.03
1503251615,23.30,38.81
1503251675,23.65,39.11
1503251735,23.88,38.23
1503251795,24.11,38.41
1503251855,24.29,37.94
1503251915,24.41,37.60
1503251975,24.47,37.26
1503252035,24.62,37.71
1503252095,24.75,37.07
1503252155,24.90,36.19
1503252215,25.00,36.22
1503252275,24.95,35.72
1503252335,24.51,35.36
1503252395,24.20,36.00
1503252455,24.18,36.87
1503252515,24.34,36.62
1503252575,24.39,36.42
1503252635,24.20,35.56
1503252695,24.06,36.90
1503252755,24.26,37.48
1503252815,24.58,37.35
1503252875,24.69,35.52
1503252935,24.66,36.54
1503252995,24.76,36.50
1503253055,24.91,36.41
1503253115,24.91,35.79
1503253175,25.02,36.15
1503253235,25.05,34.98
1503253295,25.06,35.51
1503253355,25.08,35.17
1503253415,24.90,34.52
1503253475,24.95,35.07
1503253535,24.98,34.92
1503253595,25.13,35.41
1503253655,25.31,36.18
1503253715,25.58,35.41
1503253775,25.88,36.13
1503253835,25.88,34.05
1503253895,25.84,34.10
1503253955,25.74,34.00
1503254015,25.77,33.99
1503254075,25.62,33.33
1503254135,25.47,34.00
1503254195,25.35,33.47
1503254255,25.30,34.50
1503254315,25.33,33.86
1503254375,25.16,33.65
1503254435,25.16,34.20
1503254495,25.18,33.58
1503254555,25.35,34.78
1503254615,25.68,35.33
1503254675,26.01,34.92
1503254735,26.23,33.88
1503254795,26.31,32.65
1503254855,26.18,32.14
1503254915,26.16,33.08
1503254975,26.37,32.68
1503255035,26.43,32.03
1503255095,26.46,31.72
1503255155,26.42,31.57
1503255215,26.53,32.49
1503255275,26.65,31.18
1503255335,26.60,31.95
1503255395,26.25,30.44
1503255455,25.98,30.69
1503255515,25.98,31.04
1503255575,26.16,32.52
1503255635,26.26,30.70
1503255695,26.25,30.66
1503255755,26.46,31.23
1503255815,26.67,32.43
1503255875,26.93,31.76
1503255935,27.15,31.24
1503255995,27.37,30.34
1503256055,27.20,29.37
1503256115,27.24,29.63
1503256175,27.28,28.16
1503256235,27.17,28.63
1503256295,27.25,29.26
1503256355,27.39,29.04
1503256415,27.38,27.83
1503256475,27.40,27.42
1503256535,27.38,27.30
1503256595,27.35,27.80
1503256655,27.50,28.18
1503256715,27.58,26.14
1503256775,27.35,25.84
1503256835,27.41,26.65
1503256895,27.63,26.21
1503256955,27.40,24.99
1503257015,27.21,25.86
1503257075,27.05,26.25
1503257135,27.10,27.09
1503257195,27.26,27.20
1503257255,27.56,27.57
1503257315,27.53,25.33
1503257375,27.00,24.47
1503257435,26.82,25.09
1503257495,26.84,25.38
1503257555,26.95,25.86
1503257615,27.19,26.39
1503257675,27.37,25.08
1503257735,27.66,25.49
1503257795,27.38,24.17
1503257855,27.20,24.74
1503257915,27.23,25.26
1503257975,27.46,26.93
1503258035,27.76,26.55
1503258095,27.61,24.19
1503258155,27.45,24.54
1503258215,27.36,24.45
1503258275,27.36,25.19
1503258335,27.45,25.46
1503258395,27.72,25.85
1503258455,27.93,24.22
1503258515,27.99,24.52
1503258575,28.06,24.74
1503258635,28.10,25.60
1503258695,28.30,26.78
1503258755,28.47,26.09
1503258815,28.64,26.13
1503258875,28.72,25.28
1503258935,28.43,25.44
1503258995,28.34,25.70
1503259055,28.29,25.95
1503259115,28.50,25.93
1503259175,28.72,25.57
1503259235,28.60,25.04
1503259295,28.62,25.24
1503259355,28.55,24.74
1503259415,28.60,26.17
1503259475,28.48,24.29
1503259535,28.04,23.99
1503259595,28.06,25.41
1503259655,28.25,25.99
1503259715,28.52,26.15
1503259775,28.67,24.48
1503259835,28.43,24.41
1503259895,28.34,24.69
1503259955,28.45,24.90
1503260015,28.56,25.05
1503260075,28.77,25.35
1503260135,28.99,24.45
1503260195,28.87,23.19
1503260255,28.89,23.52
1503260315,28.94,23.41
1503260375,28.73,22.55
1503260435,28.56,23.37
1503260495,28.48,23.20
1503260555,28.52,23.81
1503260615,28.53,23.13
1503260675,28.35,22.80
1503260735,28.09,22.01
1503260795,28.09,23.29
1503260855,28.34,24.40
1503260915,28.77,24.83
1503260975,29.01,22.38
1503261035,28.60,21.92
1503261095,28.30,21.90
1503261155,27.98,21.81
1503261215,28.08,23.22
1503261275,28.54,24.16
1503261335,28.95,24.24
1503261395,29.41,23.77
1503261455,29.70,22.62
1503261515,29.57,22.03
1503261575,29.65,22.84
1503261635,29.64,22.37
1503261695,29.71,23.25
1503261755,29.92,22.79
1503261815,30.15,22.41
1503261875,30.28,21.90
1503261935,30.21,21.86
1503261995,29.93,20.45
1503262055,29.37,20.58
1503262115,29.23,21.75
1503262175,29.38,22.73
1503262235,29.73,22.40
1503262295,29.93,22.21
1503262355,30.21,22.04
1503262415,30.52,21.61
1503262475,30.72,21.70
1503262535,30.75,20.17
1503262595,30.50,21.10
1503262655,30.32,20.81
1503262715,29.90,20.54
1503262775,29.94,22.17
1503262835,30.26,20.87
1503262895,30.25,20.10
1503262955,29.92,20.74
1503263015,29.93,21.74
1503263075,29.92,20.43
1503263135,29.87,20.12
1503263195,29.67,19.30
1503263255,29.66,21.19
1503263315,29.87,21.57
1503263375,30.22,21.63
1503263435,30.59,21.05
1503263495,30.95,20.66
1503263555,31.26,20.20
1503263615,31.30,18.36
1503263675,31.12,18.94
1503263735,30.66,17.88
1503263795,30.39,18.39
1503263855,30.38,19.02
1503263915,30.31,18.52
1503263975,30.07,18.23
1503264035,29.98,18.83
1503264095,30.03,18.79
1503264155,30.33,19.54
1503264215,30.70,19.09
1503264275,31.00,19.34
1503264335,31.12,18.56
1503264395,31.28,18.41
1503264455,31.16,18.20
1503264515,30.92,17.69
1503264575,30.76,17.20
1503264635,30.49,17.01
1503264695,30.37,17.70
1503264755,30.36,18.07
1503264815,30.39,18.00
1503264875,30.28,18.20
1503264935,30.00,17.42
1503264995,29.71,17.46
1503265055,29.58,17.53
1503265115,29.68,17.98
1503265175,29.85,17.72
1503265235,29.80,16.78
1503265295,29.67,17.14
1503265355,29.43,16.88
1503265415,29.48,16.96
1503265475,29.65,17.16
1503265535,29.97,17.13
1503265595,30.37,17.08
1503265655,30.79,16.59
1503265715,30.95,16.86
1503265775,31.12,17.46
1503265835,31.24,17.49
1503265895,30.85,15.66
1503265955,30.34,15.03
1503266015,30.38,16.95
1503266075,30.86,17.23
1503266135,31.42,16.84
1503266195,31.65,15.95
1503266255,31.68,16.17
1503266315,31.33,15.69
1503266375,30.36,15.75
1503266435,30.13,16.55
1503266495,30.24,17.59
1503266555,30.38,17.24
1503266615,30.53,16.98
1503266675,30.34,16.13
1503266735,30.08,16.62
1503266795,30.01,16.78
1503266855,29.76,15.92
1503266915,29.71,16.56
1503266975,29.74,16.65
1503267035,29.92,17.42
1503267095,30.37,17.53
1503267155,30.74,17.71
1503267215,30.92,17.81
1503267275,31.02,16.71
1503267335,31.02,16.20
1503267395,30.86,16.02
1503267455,30.64,16.33
1503267515,30.75,16.53
1503267575,31.00,17.71
1503267635,31.28,17.46
1503267695,31.54,17.49
1503267755,31.25,15.99
1503267815,30.70,15.84
1503267875,30.46,16.70
1503267935,30.59,17.17
1503267995,30.49,16.98
1503268055,30.24,16.24
1503268115,30.15,16.41
1503268175,30.12,16.28
1503268235,30.13,16.96
1503268295,30.16,17.25
1503268355,30.28,17.30
1503268415,30.49,17.11
1503268475,30.79,17.36
1503268535,31.12,17.40
1503268595,31.38,16.50
1503268655,31.56,16.14
1503268715,31.63,16.35
1503268775,31.73,16.21
1503268835,31.97,16.66
1503268895,32.17,16.11
1503268955,31.68,15.27
1503269015,31.26,15.65
1503269075,30.86,16.09
1503269135,30.65,16.00
1503269195,30.64,16.36
1503269255,30.53,16.24
1503269315,30.78,17.15
1503269375,31.04,15.75
1503269435,30.34,15.11
1503269495,30.11,16.05
1503269555,30.20,15.18
1503269615,30.09,15.62
1503269675,30.20,16.43
1503269735,30.11,16.21
1503269795,30.00,15.82
1503269855,29.93,16.15
1503269915,30.05,16.69
1503269975,30.37,17.10
1503270035,30.47,16.34
1503270095,30.45,16.07
1503270155,30.47,16.56
1503270215,30.61,16.98
1503270275,30.80,16.85
1503270335,30.39,15.22
1503270395,30.16,15.89
1503270455,30.26,16.85
1503270515,30.11,16.42
1503270575,30.10,16.41
1503270635,29.82,16.13
1503270695,29.68,16.24
1503270755,29.67,16.93
1503270815,29.65,16.08
1503270875,29.63,16.71
1503270935,29.78,17.11
1503270995,30.00,17.36
1503271055,30.06,16.21
1503271115,29.63,15.51
1503271175,29.50,16.50
1503271235,29.58,17.28
1503271295,29.81,17.65
1503271355,29.82,17.34
1503271415,29.64,17.17
1503271475,29.42,16.35
1503271535,29.20,16.77
1503271595,29.20,18.66
1503271655,29.18,17.34
1503271715,29.29,17.44
1503271775,29.43,16.75
1503271835,29.36,17.11
1503271895,29.30,17.23
1503271955,29.29,17.20
1503272015,29.28,17.70
1503272075,29.28,17.71
1503272135,29.37,18.02
1503272195,29.49,18.07
1503272255,29.48,17.36
1503272315,29.34,17.40
1503272375,29.15,17.12
1503272435,29.09,17.28
1503272495,29.20,18.51
1503272555,29.24,17.58
1503272615,29.38,18.27
1503272675,29.54,18.23
1503272735,29.60,17.93
1503272795,29.49,17.43
1503272855,29.37,17.44
1503272915,29.27,18.09
1503272975,29.21,18.16
1503273035,29.13,18.34
1503273095,29.07,18.85
1503273155,29.04,18.68
1503273215,28.89,18.16
1503273275,28.86,18.54
1503273335,28.82,17.94
1503273395,28.76,18.14
1503273455,28.63,17.47
1503273515,28.59,18.18
1503273575,28.65,18.62
1503273635,28.67,18.97
1503273695,28.71,18.97
1503273755,28.74,19.21
1503273815,28.78,18.93
1503273875,28.72,19.13
1503273935,28.72,19.40
1503273995,28.78,19.26
1503274055,28.65,19.03
1503274115,28.55,18.91
1503274175,28.39,18.88
1503274235,28.32,18.52
1503274295,28.35,19.33
1503274355,28.48,18.82
1503274415,28.63,18.78
1503274475,28.75,18.68
1503274535,28.83,19.14
1503274595,28.84,19.41
1503274655,28.77,19.24
1503274715,28.69,18.65
1503274775,28.69,19.35
1503274835,28.65,18.59
1503274895,28.58,19.09
1503274955,28.60,18.59
1503275015,28.53,18.33
1503275075,28.43,18.55
1503275135,28.47,19.17
1503275195,28.56,19.59
1503275255,28.43,18.02
1503275315,28.27,17.75
1503275375,28.16,18.51
1503275435,28.17,19.50
1503275495,28.10,18.54
1503275555,28.00,17.44
1503275615,27.86,17.37
1503275675,27.76,17.37
1503275735,27.73,17.54
1503275795,27.72,18.44
1503275855,27.75,19.04
1503275915,27.75,19.46
1503275975,27.80,19.36
1503276035,27.80,19.38
1503276095,27.80,18.57
1503276155,27.80,19.13
1503276215,27.84,19.60
1503276275,27.90,19.50
1503276335,27.87,19.14
1503276395,27.86,19.52
1503276455,27.76,20.07
1503276515,27.72,19.39
1503276575,27.67,19.22
1503276635,27.63,19.35
1503276695,27.60,19.64
1503276755,27.59,19.59
1503276815,27.55,19.29
1503276875,27.52,18.89
1503276935,27.46,19.26
1503276995,27.41,19.53
1503277055,27.38,18.99
1503277115,27.36,18.96
1503277175,27.35,19.20
1503277235,27.32,19.42
1503277295,27.29,19.91
1503277355,27.28,19.94
1503277415,27.23,19.75
1503277475,27.23,19.75
1503277535,27.19,20.67
1503277595,27.17,20.13
1503277655,27.17,20.13
1503277715,27.19,21.07
1503277775,27.17,20.45
1503277835,27.15,21.28
1503277895,27.15,20.48
1503277955,27.19,20.85
1503278015,27.17,21.52
1503278075,27.16,21.84
1503278135,27.15,21.39
1503278195,27.17,21.71
1503278255,27.16,22.03
1503278315,27.29,22.06
1503278375,27.54,21.89
1503278435,27.70,21.65
1503278495,27.61,21.90
1503278555,27.44,21.74
1503278615,27.24,21.69
1503278675,27.10,21.62
1503278735,27.02,21.83
1503278795,26.92,22.49
1503278855,26.89,21.34
1503278915,26.92,21.26
1503278975,26.92,20.57
1503279035,26.87,21.26
1503279095,26.87,21.81
1503279155,26.91,21.93
1503279215,26.91,21.90
1503279275,26.86,21.87
1503279335,26.87,21.41
1503279395,26.81,22.10
1503279455,26.75,21.93
1503279515,26.70,21.46
1503279575,26.67,21.50
1503279635,26.68,22.22
1503279695,26.60,22.74
1503279755,26.47,23.27
1503279815,26.28,23.51
1503279875,26.25,22.33
1503279935,26.25,22.61
1503279995,26.20,22.77
1503280055,26.11,23.09
1503280115,26.02,23.82
1503280175,25.84,23.87
1503280235,25.71,24.00
1503280295,25.61,23.99
1503280355,25.48,24.00
1503280415,25.42,24.06
1503280475,25.33,24.63
1503280535,25.28,24.66
1503280595,25.27,24.03
1503280655,25.23,24.08
1503280715,25.19,23.96
1503280775,25.20,23.67
1503280835,25.28,24.29
1503280895,25.19,24.22
1503280955,25.12,24.11
1503281015,25.04,24.16
1503281075,24.95,24.63
1503281135,24.91,24.43
1503281195,24.84,24.36
1503281255,24.80,24.29
1503281315,24.77,24.51
1503281375,24.72,24.28
1503281435,24.65,24.45
1503281495,24.60,24.42
1503281555,24.56,24.48
1503281615,24.47,24.66
1503281675,24.40,24.80
1503281735,24.34,24.67
1503281795,24.30,24.90
1503281855,24.26,25.02
1503281915,24.24,25.48
1503281975,24.17,25.45
1503282035,24.08,25.54
1503282095,23.95,25.65
1503282155,23.80,26.47
1503282215,23.65,26.72
1503282275,23.52,27.15
1503282335,23.43,27.61
1503282395,23.36,27.75
1503282455,23.22,27.87
1503282515,23.12,28.56
1503282575,23.01,28.53
1503282635,22.91,28.87
1503282695,22.82,29.41
1503282755,22.75,30.23
1503282815,22.64,30.37
1503282875,22.58,31.17
1503282935,22.47,31.65
1503282995,22.39,32.49
1503283055,22.33,32.53
1503283115,22.31,32.84
1503283175,22.25,33.33
1503283235,22.20,33.36
1503283295,22.16,33.42
1503283355,22.11,33.52
1503283415,22.08,33.54
1503283475,22.07,33.93
1503283535,22.02,33.69
1503283595,21.97,33.13
1503283655,21.93,33.42
1503283715,21.88,33.17
1503283775,21.84,33.39
1503283835,21.78,33.81
1503283895,21.77,33.77
1503283955,21.74,34.12
1503284015,21.67,34.13
1503284075,21.65,33.97
1503284135,21.66,33.77
1503284195,21.64,34.02
1503284255,21.60,34.62
1503284315,21.58,35.49
1503284375,21.50,35.83
1503284435,21.40,36.19
1503284495,21.36,35.93
1503284555,21.29,35.75
1503284615,21.22,35.73
1503284675,21.20,35.48
1503284735,21.17,35.31
1503284795,21.08,35.49
1503284855,21.04,35.92
1503284915,20.99,36.09
1503284975,20.94,36.87
1503285035,20.87,36.77
1503285095,20.79,36.86
1503285155,20.75,36.99
1503285215,20.71,37.23
1503285275,20.64,37.34
1503285335,20.61,37.61
1503285395,20.62,37.70
1503285455,20.64,37.50
1503285515,20.66,37.01
1503285575,20.63,37.02
1503285635,20.57,37.03
1503285695,20.53,37.40
1503285755,20.49,37.70
1503285815,20.45,37.90
1503285875,20.43,38.65
1503285935,20.37,39.11
1503285995,20.32,40.31
1503286055,20.26,40.31
1503286115,20.21,41.01
1503286175,20.12,40.38
1503286235,20.05,39.67
1503286295,20.00,39.25
1503286355,19.99,39.30
1503286415,19.92,39.23
1503286475,19.90,39.52
1503286535,19.84,39.57
1503286595,19.81,40.61
1503286655,19.80,41.07
1503286715,19.79,42.01
1503286775,19.73,41.73
1503286835,19.69,41.07
1503286895,19.68,40.24
1503286955,19.65,41.03
1503287015,19.60,41.77
1503287075,19.58,42.23
1503287135,19.54,42.38
1503287195,19.48,41.86
1503287255,19.41,41.86
1503287315,19.37,42.37
1503287375,19.29,41.49
1503287435,19.28,40.74
1503287495,19.23,40.67
1503287555,19.25,40.94
1503287615,19.23,41.71
1503287675,19.23,42.96
1503287735,19.20,42.77
1503287795,19.13,42.66
1503287855,19.12,42.82
1503287915,19.07,42.44
1503287975,19.01,42.28
1503288035,18.97,42.23
1503288095,18.92,42.60
1503288155,18.87,43.93
1503288215,18.92,45.95
1503288275,18.92,46.97
1503288335,18.91,46.64
1503288395,18.83,45.79
1503288455,18.78,45.77
1503288515,18.72,45.28
1503288575,18.69,45.36
1503288635,18.67,45.16
1503288695,18.63,44.62
1503288755,18.61,44.40
1503288815,18.58,44.28
1503288875,18.56,44.51
1503288935,18.55,44.91
1503288995,18.50,44.66
1503289055,18.49,44.49
1503289115,18.49,44.55
1503289175,18.54,44.47
1503289235,18.56,46.00
1503289295,18.52,45.94
1503289355,18.43,45.90
1503289415,18.36,45.57
1503289475,18.35,45.42
1503289535,18.29,45.21
1503289595,18.27,45.43
1503289655,18.24,45.71
1503289715,18.17,46.04
1503289775,18.12,46.94
1503289835,18.09,48.14
1503289895,18.07,47.85
1503289955,18.02,47.62
1503290015,17.97,47.14
1503290075,17.95,46.95
1503290135,17.96,47.31
1503290195,17.93,47.31
1503290255,17.89,46.72
1503290315,17.87,46.27
1503290375,17.82,45.77
1503290435,17.82,46.23
1503290495,17.79,46.99
1503290555,17.75,46.97
1503290615,17.76,47.33
1503290675,17.74,47.94
1503290735,17.74,48.05
1503290795,17.75,48.57
1503290855,17.76,49.35
1503290915,17.79,49.70
1503290975,17.79,49.92
1503291035,17.74,49.50
1503291095,17.73,49.07
1503291155,17.73,49.52
1503291215,17.74,49.34
1503291275,17.70,49.44
1503291335,17.65,49.19
1503291395,17.66,49.25
1503291455,17.64,49.15
1503291515,17.64,49.04
1503291575,17.58,49.45
1503291635,17.58,50.02
1503291695,17.54,49.82
1503291755,17.53,49.90
1503291815,17.51,49.43
1503291875,17.49,48.68
1503291935,17.44,48.52
1503291995,17.43,48.19
1503292055,17.38,48.01
1503292115,17.36,48.43
1503292175,17.35,48.30
1503292235,17.34,48.43
1503292295,17.36,48.88
1503292355,17.37,48.25
1503292415,17.38,47.68
1503292475,17.40,47.62
1503292535,17.38,47.68
1503292595,17.39,47.68
1503292655,17.39,47.33
1503292715,17.41,47.26
1503292775,17.37,47.46
1503292835,17.38,47.73
1503292895,17.41,48.29
1503292955,17.41,48.15
1503293015,17.41,48.50
1503293075,17.44,48.37
1503293135,17.44,47.83
1503293195,17.43,47.24
1503293255,17.43,47.14
1503293315,17.39,47.39
1503293375,17.39,47.44
1503293435,17.45,47.42
1503293495,17.48,48.18
1503293555,17.49,47.95
1503293615,17.51,48.10
1503293675,17.54,49.40
1503293735,17.55,50.28
1503293795,17.54,50.45
1503293855,17.53,49.84
1503293915,17.54,49.90
1503293975,17.55,49.79
1503294035,17.52,49.48
1503294095,17.54,49.19
1503294155,17.56,49.07
1503294215,17.55,49.53
1503294275,17.54,48.99
1503294335,17.55,49.38
1503294395,17.51,48.96
1503294455,17.48,48.78
1503294515,17.48,49.32
1503294575,17.44,49.13
1503294635,17.41,49.23
1503294695,17.36,48.81
1503294755,17.40,48.86
1503294815,17.41,49.03
1503294875,17.39,48.81
1503294935,17.39,49.07
1503294995,17.40,49.06
1503295055,17.37,49.07
1503295115,17.37,48.62
1503295175,17.36,48.64
1503295235,17.40,49.99
1503295295,17.43,49.81
1503295355,17.44,49.61
1503295415,17.46,49.16
1503295475,17.49,49.02
1503295535,17.47,49.06
1503295595,17.45,49.23
1503295655,17.46,49.55
1503295715,17.49,49.47
1503295775,17.47,49.24
1503295835,17.44,49.08
1503295895,17.41,49.60
1503295955,17.41,49.91
1503296015,17.38,50.19
1503296075,17.37,50.43
1503296135,17.35,50.57
1503296195,17.35,50.69
1503296255,17.34,50.31
1503296315,17.34,50.10
1503296375,17.33,50.06
1503296435,17.30,50.43
1503296495,17.28,50.69
1503296555,17.32,50.58
1503296615,17.28,50.46
1503296675,17.29,50.32
1503296735,17.26,50.32
1503296795,17.28,50.98
1503296855,17.30,51.07
1503296915,17.23,51.29
1503296975,17.22,51.61
1503297035,17.21,51.36
1503297095,17.18,51.11
1503297155,17.15,50.58
1503297215,17.13,50.35
1503297275,17.11,50.24
1503297335,17.13,50.32
1503297395,17.09,50.55
1503297455,17.10,51.68
1503297515,17.09,52.02
1503297575,17.09,51.85
1503297635,17.09,51.74
1503297695,17.10,51.13
1503297755,17.08,50.64
1503297815,17.08,50.54
1503297875,17.09,50.33
1503297935,17.13,49.95
1503297995,17.11,49.61
1503298055,17.10,49.01
1503298115,17.09,48.68
1503298175,17.11,48.58
1503298235,17.09,48.55
1503298295,17.09,48.11
1503298355,17.09,47.35
1503298415,17.08,47.30
1503298475,17.06,47.42
1503298535,17.08,48.37
1503298595,17.08,48.21
1503298655,17.07,47.92
1503298715,17.07,47.28
1503298775,17.06,47.64
1503298835,17.06,48.00
1503298895,17.04,47.83
1503298955,16.99,48.06
1503299015,16.95,47.94
1503299075,16.91,47.59
1503299135,16.90,47.32
1503299195,16.86,47.73
1503299255,16.87,47.44
1503299315,16.87,47.35
1503299375,16.86,47.79
1503299435,16.84,47.53
1503299495,16.78,47.17
1503299555,16.76,47.22
1503299615,16.74,47.43
1503299675,16.67,47.59
1503299735,16.63,47.30
1503299795,16.65,47.26
1503299855,16.65,47.55
1503299915,16.64,47.71
1503299975,16.64,47.95
1503300035,16.66,48.77
1503300095,16.69,49.03
1503300155,16.69,49.09
1503300215,16.65,49.18
1503300275,16.62,49.55
1503300335,16.58,49.69
1503300395,16.55,49.83
1503300455,16.49,50.47
1503300515,16.52,50.86
1503300575,16.52,50.51
1503300635,16.55,50.42
1503300695,16.55,50.97
1503300755,16.56,51.10
1503300815,16.55,51.24
1503300875,16.54,51.16
1503300935,16.47,50.93
1503300995,16.43,50.92
1503301055,16.41,51.00
1503301115,16.41,51.52
1503301175,16.34,51.22
1503301235,16.27,51.09
1503301295,16.20,51.66
1503301355,16.16,51.61
1503301415,16.17,51.64
1503301475,16.14,51.59
1503301535,16.11,51.12
1503301595,16.07,51.16
1503301655,16.05,51.83
1503301715,16.03,52.03
1503301775,16.00,52.32
1503301835,15.96,52.42
1503301895,15.90,52.38
1503301955,15.87,52.42
1503302015,15.83,52.62
1503302075,15.81,52.57
1503302135,15.81,52.62
1503302195,15.78,53.15
1503302255,15.74,53.51
1503302315,15.72,53.48
1503302375,15.70,53.17
1503302435,15.67,53.16
1503302495,15.65,53.39
1503302555,15.60,53.84
1503302615,15.59,53.83
1503302675,15.56,53.69
1503302735,15.53,53.38
1503302795,15.53,53.40
1503302855,15.51,53.47
1503302915,15.47,53.48
1503302975,15.43,53.34
1503303035,15.43,53.31
1503303095,15.39,53.36
1503303155,15.38,53.33
1503303215,15.34,53.35
1503303275,15.30,53.60
1503303335,15.27,53.75
1503303395,15.27,54.52
1503303455,15.26,54.76
1503303515,15.27,54.56
1503303575,15.27,54.59
1503303635,15.25,54.46
1503303695,15.25,54.23
1503303755,15.25,54.12
1503303815,15.25,54.62
1503303875,15.26,54.65
1503303935,15.23,54.56
1503303995,15.21,54.26
1503304055,15.24,54.12
1503304115,15.23,54.01
1503304175,15.23,53.79
1503304235,15.23,53.49
1503304295,15.23,53.46
1503304355,15.22,53.52
1503304415,15.22,53.35
1503304475,15.22,53.22
1503304535,15.21,53.74
1503304595,15.18,54.36
1503304655,15.15,54.70
1503304715,15.09,54.95
1503304775,15.04,54.78
1503304835,15.03,54.85
1503304895,15.03,55.34
1503304955,15.01,55.25
1503305015,15.01,55.96
1503305075,14.98,56.05
1503305135,14.99,56.19
1503305195,15.02,56.53
1503305255,15.07,56.41
1503305315,15.04,56.31
1503305375,15.02,56.01
1503305435,14.99,55.84
1503305495,15.01,55.85
1503305555,14.95,55.61
1503305615,14.93,55.18
1503305675,14.93,54.85
1503305735,14.89,54.63
1503305795,14.92,55.08
1503305855,14.87,55.70
1503305915,14.81,55.75
1503305975,14.79,55.96
1503306035,14.75,56.22
1503306095,14.71,56.30
1503306155,14.68,56.63
1503306215,14.65,57.04
1503306275,14.62,57.46
1503306335,14.60,57.44
1503306395,14.60,57.42
1503306455,14.60,58.16
1503306515,14.59,60.88
1503306575,14.54,61.84
1503306635,14.52,61.21
1503306695,14.49,60.68
1503306755,14.45,60.36
1503306815,14.40,60.11
1503306875,14.37,60.06
1503306935,14.33,60.02
1503306995,14.33,60.17
1503307055,14.33,59.91
1503307115,14.30,59.40
1503307175,14.34,58.81
1503307235,14.34,58.04
1503307295,14.32,58.17
1503307355,14.32,57.88
1503307415,14.34,57.69
1503307475,14.32,57.66
1503307535,14.29,57.23
1503307595,14.34,56.64
1503307655,14.29,56.31
1503307715,14.32,56.96
1503307775,14.33,58.06
1503307835,14.30,56.76
1503307895,14.33,56.15
1503307955,14.29,56.31
1503308015,14.28,56.15
1503308075,14.27,56.29
1503308135,14.23,56.66
1503308195,14.22,57.30
1503308255,14.23,58.06
1503308315,14.15,58.23
1503308375,14.14,58.41
1503308435,14.10,59.26
1503308495,14.10,59.43
1503308555,14.07,58.61
1503308615,14.00,58.23
1503308675,13.96,58.04
1503308735,13.92,58.27
1503308795,13.88,58.33
1503308855,13.88,58.17
1503308915,13.85,58.22
1503308975,13.84,58.25
1503309035,13.82,58.24
1503309095,13.80,57.90
1503309155,13.79,57.76
1503309215,13.75,57.81
1503309275,13.79,57.47
1503309335,13.81,57.30
1503309395,13.81,57.26
1503309455,13.79,57.50
1503309515,13.78,57.43
1503309575,13.78,57.15
1503309635,13.79,57.11
1503309695,13.77,57.10
1503309755,13.77,57.02
1503309815,13.76,56.91
1503309875,13.77,56.78
1503309935,13.78,56.78
1503309995,13.79,56.70
1503310055,13.80,56.62
1503310115,13.76,56.66
1503310175,13.80,56.56
1503310235,13.80,56.37
1503310295,13.78,56.82
1503310355,13.73,57.36
1503310415,13.70,57.84
1503310475,13.65,57.83
1503310535,13.59,57.85
1503310595,13.58,57.71
1503310655,13.58,57.46
1503310715,13.56,57.83
1503310775,13.52,58.10
1503310835,13.47,58.32
1503310895,13.46,58.72
1503310955,13.43,58.93
1503311015,13.41,59.19
1503311075,13.43,58.94
1503311135,13.43,58.81
1503311195,13.39,58.81
1503311255,13.38,59.22
1503311315,13.38,59.38
1503311375,13.40,59.28
1503311435,13.43,59.18
1503311495,13.47,59.14
1503311555,13.46,59.03
1503311615,13.45,58.86
1503311675,13.44,58.75
1503311735,13.41,58.88
1503311795,13.43,59.85
1503311855,13.40,59.89
1503311915,13.43,59.96
1503311975,13.46,60.75
1503312035,13.44,61.13
1503312095,13.37,60.84
1503312155,13.31,60.94
1503312215,13.21,61.15
1503312275,13.17,61.64
1503312335,13.10,62.50
1503312395,13.05,62.76
1503312455,12.97,62.39
1503312515,12.95,62.39
1503312575,12.91,62.27
1503312635,12.91,62.29
1503312695,12.94,62.54
1503312755,12.93,62.76
1503312815,12.91,62.52
1503312875,12.89,62.33
1503312935,12.87,62.29
1503312995,12.85,62.58
1503313055,12.81,62.77
1503313115,12.81,63.45
1503313175,12.79,63.39
1503313235,12.76,63.49
1503313295,12.72,63.54
1503313355,12.72,63.44
1503313415,12.72,63.80
1503313475,12.69,63.64
1503313535,12.67,64.71
1503313595,12.67,64.55
1503313655,12.67,64.27
1503313715,12.65,64.16
1503313775,12.65,64.30
1503313835,12.62,64.99
1503313895,12.63,65.33
1503313955,12.65,65.39
1503314015,12.71,65.38
1503314075,12.70,65.06
1503314135,12.70,64.40
1503314195,12.69,64.55
1503314255,12.65,64.63
1503314315,12.59,64.45
1503314375,12.59,64.67
1503314435,12.60,64.82
1503314495,12.63,64.91
1503314555,12.65,65.04
1503314615,12.65,64.66
1503314675,12.65,64.71
1503314735,12.65,65.82
1503314795,12.65,66.88
1503314855,12.60,66.68
1503314915,12.58,66.46
1503314975,12.60,66.31
1503315035,12.58,66.29
1503315095,12.59,66.72
1503315155,12.56,65.93
1503315215,12.57,65.45
1503315275,12.55,65.18
1503315335,12.52,65.05
1503315395,12.55,64.79
1503315455,12.56,64.56
1503315515,12.56,64.73
1503315575,12.57,65.32
1503315635,12.55,65.74
1503315695,12.49,65.67
1503315755,12.48,65.65
1503315815,12.49,65.63
1503315875,12.47,65.51
1503315935,12.45,65.12
1503315995,12.44,65.81
1503316055,12.43,66.51
1503316115,12.43,66.61
1503316175,12.36,66.38
1503316235,12.34,66.10
1503316295,12.34,65.73
1503316355,12.31,65.47
1503316415,12.30,65.21
1503316475,12.30,65.60
1503316535,12.30,66.01
1503316595,12.30,65.87
1503316655,12.30,65.48
1503316715,12.30,65.02
1503316775,12.32,64.65
1503316835,12.32,64.38
1503316895,12.32,64.35
1503316955,12.34,64.34
1503317015,12.34,64.29
1503317075,12.30,64.16
1503317135,12.28,64.27
1503317195,12.26,64.58
1503317255,12.22,64.92
1503317315,12.25,65.37
1503317375,12.21,65.57
1503317435,12.22,65.83
1503317495,12.18,65.74
1503317555,12.16,65.96
1503317615,12.08,65.96
1503317675,12.06,66.47
1503317735,12.05,66.85
1503317795,12.05,67.11
1503317855,12.05,67.02
1503317915,12.06,66.90
1503317975,12.04,66.80
1503318035,12.03,66.74
1503318095,11.99,67.47
1503318155,11.96,67.37
1503318215,11.97,67.51
1503318275,11.94,67.44
1503318335,11.93,67.49
1503318395,11.94,67.45
1503318455,11.92,67.04
1503318515,11.92,67.86
1503318575,11.90,67.98
1503318635,11.85,68.04
1503318695,11.82,67.96
1503318755,11.77,67.93
1503318815,11.78,68.03
1503318875,11.76,67.86
1503318935,11.74,67.89
1503318995,11.77,67.93
1503319055,11.81,68.23
1503319115,11.81,68.00
1503319175,11.81,68.70
1503319235,11.82,68.95
1503319295,11.86,69.37
1503319355,11.87,69.08
1503319415,11.86,69.13
1503319475,11.84,69.16
1503319535,11.85,69.18
1503319595,11.82,68.91
1503319655,11.81,68.82
1503319715,11.83,68.85
1503319775,11.84,69.02
1503319835,11.81,68.96
1503319895,11.82,68.97
1503319955,11.77,68.88
1503320015,11.76,68.84
1503320075,11.76,68.71
1503320135,11.75,68.94
1503320195,11.73,69.00
1503320255,11.75,68.71
1503320315,11.77,68.32
1503320375,11.76,68.03
1503320435,11.78,67.81
1503320495,11.79,67.70
1503320555,11.81,67.57
1503320615,11.81,67.48
1503320675,11.84,67.38
1503320735,11.82,67.32
1503320795,11.86,67.31
1503320855,11.88,67.15
1503320915,11.92,66.98
1503320975,11.91,66.97
1503321035,11.92,67.11
1503321095,11.94,66.80
1503321155,11.93,66.61
1503321215,11.94,67.12
1503321275,11.94,67.28
1503321335,11.97,67.39
1503321395,11.99,67.47
1503321455,12.03,67.58
1503321515,12.03,67.35
1503321575,12.02,67.06
1503321635,12.00,66.94
1503321695,11.97,67.34
1503321755,11.99,67.54
1503321815,11.97,67.54
1503321875,11.97,67.32
1503321935,11.94,67.22
1503321995,11.98,67.12
1503322055,12.02,67.06
1503322115,12.06,66.94
1503322175,12.12,66.65
1503322235,12.19,66.51
1503322295,12.20,66.30
1503322355,12.20,66.19
1503322415,12.23,66.37
1503322475,12.28,66.69
1503322535,12.30,66.91
1503322595,12.32,67.03
1503322655,12.31,67.06
1503322715,12.35,67.03
1503322775,12.36,66.86
1503322835,12.37,66.61
1503322895,12.42,66.44
1503322955,12.47,66.23
1503323015,12.53,66.11
1503323075,12.61,66.70
1503323135,12.65,66.77
1503323195,12.71,66.48
1503323255,12.75,66.11
1503323315,12.81,65.52
1503323375,12.84,64.88
1503323435,12.88,64.58
1503323495,12.95,64.79
1503323555,13.01,66.07
1503323615,13.04,66.12
1503323675,13.04,65.95
1503323735,13.10,65.92
1503323795,13.10,66.79
1503323855,13.18,66.54
1503323915,13.21,65.85
1503323975,13.30,65.05
1503324035,13.35,64.64
1503324095,13.39,63.97
1503324155,13.40,64.03
1503324215,13.47,64.07
1503324275,13.51,64.09
1503324335,13.52,63.81
1503324395,13.59,65.32
1503324455,13.70,64.10
1503324515,13.76,63.36
1503324575,13.83,62.63
1503324635,13.94,61.84
1503324695,14.04,60.90
1503324755,14.17,60.09
1503324815,14.28,59.09
1503324875,14.39,59.01
1503324935,14.44,59.07
1503324995,14.48,58.89
1503325055,14.48,59.15
1503325115,14.45,58.92
1503325175,14.50,58.93
1503325235,14.63,59.17
1503325295,14.73,59.93
1503325355,14.82,59.71
1503325415,14.94,58.98
1503325475,14.99,59.62
1503325535,15.09,58.71
1503325595,15.12,58.50
1503325655,15.15,58.73
1503325715,15.18,58.29
1503325775,15.18,58.45
1503325835,15.21,58.71
1503325895,15.21,58.52
1503325955,15.18,58.24
1503326015,15.16,58.23
1503326075,15.16,58.03
1503326135,15.17,57.87
1503326195,15.21,57.84
1503326255,15.26,58.17
1503326315,15.27,57.83
1503326375,15.33,57.79
1503326435,15.38,57.57
1503326495,15.46,57.62
1503326555,15.53,57.57
1503326615,15.56,57.63
1503326675,15.59,57.05
1503326735,15.63,56.39
1503326795,15.68,56.22
1503326855,15.77,55.79
1503326915,15.84,55.62
1503326975,15.90,55.44
1503327035,15.96,55.31
1503327095,16.00,54.65
1503327155,16.07,53.68
1503327215,16.13,53.73
1503327275,16.19,53.36
1503327335,16.29,53.03
1503327395,16.37,52.85
1503327455,16.43,52.78
1503327515,16.48,51.90
1503327575,16.51,51.96
1503327635,16.56,52.16
1503327695,16.58,51.93
1503327755,16.62,51.40
1503327815,16.65,51.38
1503327875,16.69,51.64
1503327935,16.72,51.39
1503327995,16.76,51.54
1503328055,16.82,51.37
1503328115,16.87,51.11
1503328175,16.92,50.84
1503328235,16.98,50.70
1503328295,17.02,50.58
1503328355,17.09,50.54
1503328415,17.17,50.31
1503328475,17.21,49.84
1503328535,17.26,49.64
1503328595,17.32,49.37
1503328655,17.36,49.00
1503328715,17.43,48.98
1503328775,17.50,48.85
1503328835,17.59,48.83
1503328895,17.63,48.51
1503328955,17.66,48.13
1503329015,17.72,48.11
1503329075,17.78,47.55
1503329135,17.85,46.88
1503329195,17.92,46.56
1503329255,17.99,46.04
1503329315,18.06,45.91
1503329375,18.11,46.41
1503329435,18.18,46.35
1503329495,18.21,46.18
1503329555,18.27,45.87
1503329615,18.30,45.46
1503329675,18.39,45.30
1503329735,18.51,45.52
1503329795,18.63,45.46
1503329855,18.65,44.85
1503329915,18.67,44.50
1503329975,18.74,44.80
1503330035,18.80,44.75
1503330095,18.82,44.62
1503330155,18.91,44.67
1503330215,18.97,44.91
1503330275,19.07,44.90
1503330335,19.14,43.75
1503330395,19.21,43.35
1503330455,19.29,43.04
1503330515,19.37,43.11
1503330575,19.42,43.19
1503330635,19.50,43.24
1503330695,19.54,43.18
1503330755,19.57,43.08
1503330815,19.62,43.12
1503330875,19.67,42.35
1503330935,19.73,42.36
1503330995,19.81,42.66
1503331055,19.87,42.44
1503331115,19.89,41.85
1503331175,19.89,41.32
1503331235,19.90,41.37
1503331295,19.94,40.71
1503331355,19.91,40.11
1503331415,19.94,40.40
1503331475,19.92,39.61
1503331535,19.97,39.93
1503331595,20.07,40.46
1503331655,20.14,40.61
1503331715,20.24,40.75
1503331775,20.35,40.78
1503331835,20.37,40.23
1503331895,20.45,39.64
1503331955,20.46,39.36
1503332015,20.44,39.35
1503332075,20.49,40.17
1503332135,20.59,40.22
1503332195,20.63,39.18
1503332255,20.63,38.63
1503332315,20.65,38.23
1503333516,21.35,37.37
1503333576,21.33,37.58
1503333636,21.36,37.80
1503333696,21.38,37.89
1503333756,21.47,37.58
1503333816,21.47,36.84
1503333876,21.51,37.06
1503333936,21.50,36.71
1503333996,21.46,37.31
1503334056,21.47,37.79
1503334116,21.45,37.32
1503334176,21.46,38.17
1503334236,21.48,38.40
1503334296,21.49,37.97
1503334356,21.46,37.64
1503334416,21.44,38.04
1503334476,21.44,38.17
1503334536,21.45,37.74
1503334596,21.44,37.90
1503334656,21.39,38.52
1503334716,21.38,39.06
1503334776,21.36,39.13
1503334836,21.32,39.15
1503334896,21.29,39.31
1503334956,21.22,39.19
1503335016,21.17,39.44
1503335076,21.14,38.36
1503335136,21.09,38.87
1503335196,21.01,39.08
1503335256,20.96,39.57
1503335316,20.89,39.83
1503335376,20.84,40.35
1503335436,20.79,40.87
1503335496,20.74,40.19
1503335556,20.65,41.18
1503335616,20.55,41.87
1503335676,20.39,42.57
1503335736,20.32,42.45
1503335796,20.26,42.44
1503335856,20.19,42.56
1503335916,20.11,43.21
1503335976,20.02,43.00
1503336036,19.88,43.28
1503336096,19.75,42.92
1503336156,19.65,43.99
1503336216,19.51,44.88
1503336276,19.37,45.94
1503336336,19.22,46.57
1503336396,19.05,46.36
1503336456,18.92,46.55
1503336516,18.79,47.17
1503336576,18.71,47.32
1503336636,18.56,47.64
1503336696,18.47,48.45
1503336756,18.38,48.30
1503336816,18.30,48.65
1503336876,18.28,49.01
1503336936,18.22,49.65
1503336996,18.17,50.16
1503337056,18.14,50.45
1503337116,18.08,50.62
1503337176,18.06,51.18
1503337236,18.07,51.61
1503337296,18.07,51.74
1503337356,18.07,52.77
1503337416,18.10,52.93
1503337476,18.12,52.42
1503337536,18.17,52.29
1503337596,18.21,52.81
1503337656,18.26,53.09
1503337716,18.34,52.96
1503337776,18.40,52.83
1503337836,18.50,52.22
1503337896,18.61,51.88
1503337956,18.67,51.84
1503338016,18.82,51.81
1503338076,19.02,51.59
1503338136,19.20,51.30
1503338196,19.37,51.13
1503338256,19.52,50.21
1503338316,19.68,50.06
1503338376,19.86,49.93
1503338436,20.05,46.98
1503338496,20.27,45.93
1503338556,20.45,45.63
1503338616,20.60,44.40
1503338676,20.74,43.79
1503338736,20.88,43.47
1503338796,21.01,42.38
1503338856,21.11,41.87
1503338916,21.23,42.93
1503338976,21.36,40.67
1503339036,21.44,41.16
1503339096,21.58,42.18
1503339156,21.70,42.76
1503339216,21.87,42.15
1503339276,21.99,41.34
1503339336,22.05,39.83
1503339396,22.13,39.32
1503339456,22.19,37.46
1503339516,22.24,37.46
1503339576,22.31,37.79
1503339636,22.39,37.78
1503339696,22.46,36.84
1503339756,22.50,37.37
1503339816,22.63,37.07
1503339876,22.86,37.06
1503339936,22.99,37.07
1503339996,23.14,36.33
1503340056,23.13,36.23
1503340116,23.16,35.55
1503340176,23.22,35.72
1503340236,23.32,35.93
1503340296,23.34,34.90
1503340356,23.40,35.39
1503340416,23.58,35.44
1503340476,23.76,34.58
1503340536,23.64,33.64
1503340596,23.51,33.77
1503340656,23.53,34.30
1503340716,23.61,34.45
1503340776,23.76,35.86
1503340836,23.83,34.45
1503340896,23.71,32.22
1503340956,23.66,33.20
1503341016,23.66,33.11
1503341076,23.75,33.36
1503341136,23.92,33.55
1503341196,24.16,33.65
1503341256,24.40,32.90
1503341316,24.54,33.02
1503341376,24.48,32.58
1503341436,24.35,33.48
1503341496,24.51,34.44
1503341556,24.79,34.82
1503341616,24.99,33.29
1503341676,25.15,32.97
1503341736,25.25,31.58
1503341796,25.42,31.43
1503341856,25.39,30.56
1503341916,25.25,30.45
1503341976,25.21,31.90
1503342036,25.09,31.29
1503342096,25.05,31.73
1503342156,25.37,32.46
1503342216,25.69,33.05
1503342276,25.69,31.14
1503342336,25.52,30.99
1503342396,25.37,30.99
1503342456,25.46,31.84
1503342516,25.62,32.42
1503342576,25.82,32.67
1503342636,25.92,31.30
1503342696,25.91,31.11
1503342756,25.98,30.92
1503342816,25.94,30.60
1503342876,25.88,31.11
1503342936,25.83,30.98
1503342996,25.92,31.15
1503343056,26.10,31.64
1503343116,26.25,30.30
1503343176,26.19,31.01
1503343236,26.25,31.02
1503343296,25.96,28.82
1503343432,25.81,30.36
1503343492,26.04,31.12
1503343552,26.11,30.53
1503343612,26.25,31.34
1503343672,26.35,30.94
1503343732,26.42,29.66
1503343792,26.37,29.63
1503343852,26.53,30.06
1503343912,26.69,30.57
1503343972,26.92,31.36
1503344032,27.17,29.88
1503344092,27.30,29.47
1503344152,27.47,29.40
1503344212,27.54,28.92
1503344272,27.70,29.20
1503344332,27.79,27.80
1503344392,27.50,27.88
1503344452,27.30,27.13
1503344512,27.28,28.24
1503344572,27.44,28.73
1503344632,27.55,27.90
1503344692,27.57,27.12
1503344752,27.71,28.47
1503344812,27.59,26.18
1503344872,27.40,27.08
1503344932,27.52,28.76
1503344992,27.81,28.24
1503345052,27.81,28.43
1503345112,27.66,27.30
1503345172,27.41,27.25
1503345232,27.36,27.78
1503345292,27.45,27.72
1503345352,27.57,28.61
1503345412,27.68,29.18
1503345472,27.94,28.44
1503345532,28.16,27.57
1503345592,28.14,27.14
1503345652,28.25,27.97
1503345712,28.37,28.02
1503345772,28.21,26.60
1503345832,27.95,26.66
1503345892,28.06,28.39
1503345952,28.32,26.99
1503346012,28.25,26.32
1503346072,27.80,26.47
1503346132,27.57,27.15
1503346192,27.68,29.18
1503346252,27.56,26.76
1503346312,27.29,26.54
1503346372,27.38,28.66
1503346432,27.73,28.67
1503346492,28.05,27.58
1503346552,28.30,27.76
1503346612,28.43,27.27
1503346672,28.52,25.21
1503346732,28.32,24.57
1503346792,28.18,25.61
1503346852,28.05,25.44
1503346912,28.21,27.28
1503346972,28.50,27.73
1503347032,28.82,26.82
1503347092,29.02,26.66
1503347152,29.21,26.35
1503347212,29.26,25.09
1503347272,29.23,24.87
1503347332,28.82,22.50
1503347392,28.47,22.98
1503347452,28.38,23.77
1503347512,28.48,24.25
1503347572,28.68,25.00
1503347632,29.01,25.22
1503347692,29.13,24.33
1503347752,29.26,25.27
1503347812,29.46,25.12
1503347872,29.43,22.91
1503347932,29.27,22.87
1503347992,29.19,23.08
1503348052,29.35,23.91
1503348112,29.54,23.43
1503348172,29.68,23.19
1503348232,29.74,23.21
1503348292,29.81,23.42
1503348352,29.85,23.46
1503348412,30.00,22.64
1503348472,29.83,22.55
1503348532,29.71,24.21
1503348592,29.92,23.73
1503348652,30.00,22.80
1503348712,30.09,22.86
1503348772,30.32,22.74
1503348832,30.40,21.28
1503348892,30.48,21.84
1503348952,30.28,20.52
1503349012,30.25,21.29
1503349072,30.41,21.79
1503349132,30.31,20.75
1503349192,29.90,20.75
1503349252,29.54,20.78
1503349312,29.30,22.00
1503349372,29.45,22.83
1503349432,29.62,22.09
1503349492,29.76,22.70
1503349552,29.81,21.56
1503349612,29.59,21.39
1503349672,29.68,23.12
1503349732,30.00,22.71
1503349792,30.30,22.29
1503349852,30.21,20.81
1503349912,29.81,21.05
1503349972,29.73,22.74
1503350032,29.93,23.39
1503350092,30.32,22.97
1503350152,30.51,22.10
1503350212,30.27,20.53
1503350272,29.82,19.43
1503350332,29.63,20.78
1503350392,29.82,21.59
1503350452,30.21,22.83
1503350512,30.49,21.63
1503350572,30.65,20.33
1503350632,30.16,18.75
1503350692,29.85,19.81
1503350752,29.77,20.69
1503350812,29.92,21.57
1503350872,30.02,20.84
1503350932,30.16,21.12
1503350992,30.42,20.37
1503351052,30.62,20.52
1503351112,30.69,20.52
1503351172,30.86,20.88
1503351232,30.91,21.31
1503351292,30.72,19.78
1503351352,30.34,19.91
1503351412,30.30,21.09
1503351472,30.13,19.65
1503351532,30.03,19.98
1503351592,29.96,20.12
1503351652,29.98,20.43
1503351712,30.16,21.02
1503351772,30.32,21.68
1503351832,30.47,21.32
1503351892,30.53,20.24
1503351952,30.51,19.04
1503352012,30.61,19.46
1503352072,30.89,19.35
1503352132,30.82,18.49
1503352192,30.38,18.49
1503352252,30.33,19.20
1503352312,30.45,20.13
1503352372,30.68,21.23
1503352432,30.91,21.05
1503352492,31.15,20.36
1503352552,31.27,20.18
1503352612,31.46,19.18
1503352672,31.60,18.84
1503352732,31.60,19.36
1503352792,31.67,19.23
1503352852,31.57,19.36
1503352912,31.21,17.43
1503352972,31.02,18.72
1503353032,31.25,18.92
1503353092,31.53,19.26
1503353152,31.80,18.51
1503353212,31.54,17.39
1503353272,31.27,18.17
1503353332,31.31,19.10
1503353392,31.57,18.67
1503353452,31.74,18.59
1503353512,32.04,18.88
1503353572,32.26,18.74
1503353632,32.32,18.07
1503353692,31.98,17.85
1503353752,31.73,19.16
1503353812,31.26,17.91
1503353872,31.05,18.46
1503353932,31.06,18.93
1503353992,31.14,18.59
1503354052,31.23,18.73
1503354112,31.36,19.85
1503354172,31.42,19.72
1503354232,31.57,19.48
1503354292,31.71,18.12
1503354352,31.51,18.44
1503354412,31.36,18.19
1503354472,31.02,18.15
1503354532,30.98,19.55
1503354592,31.29,19.61
1503354652,31.65,19.36
1503354712,31.97,18.91
1503354772,32.26,18.94
1503354832,32.08,17.17
1503354892,31.78,18.06
1503354952,31.65,18.50
1503355012,31.68,18.26
1503355072,31.74,18.82
1503355132,31.60,18.63
1503355192,31.34,18.30
1503355252,31.11,19.14
1503355312,31.18,19.56
1503355372,31.07,19.28
1503355432,31.23,20.12
1503355492,31.38,18.62
1503355552,31.28,18.30
1503355612,31.34,19.07
1503355672,31.55,19.10
1503355732,31.84,19.55
1503355792,32.07,18.20
1503355852,31.82,18.09
1503355912,31.42,17.27
1503355972,31.06,18.55
1503356032,31.12,19.87
1503356092,31.49,19.11
1503356152,31.82,19.67
1503356212,31.78,17.91
1503356272,31.42,17.01
1503356332,31.24,18.16
1503356392,31.28,18.81
1503356452,31.52,19.03
1503356512,31.63,19.20
1503356572,31.61,19.62
1503356632,31.78,19.37
1503356692,31.81,18.95
1503356752,31.73,18.85
1503356812,31.22,17.70
1503356872,30.89,17.94
1503356932,30.69,18.09
1503356992,30.78,18.62
1503357052,31.08,19.37
1503357112,31.36,19.89
1503357172,31.45,19.55
1503357232,31.66,19.90
1503357292,31.92,19.63
1503357352,31.85,18.47
1503357412,31.80,18.16
1503357472,31.73,17.49
1503357532,31.38,17.49
1503357592,31.30,18.07
1503357652,31.34,18.45
1503357712,31.49,17.94
1503357772,31.44,18.73
1503357832,31.27,17.63
1503357892,31.19,18.17
1503357952,31.21,18.61
1503358012,30.99,17.78
1503358072,31.06,18.63
1503358132,31.06,18.33
1503358192,31.07,18.14
1503358252,31.06,18.18
1503358312,31.26,18.59
1503358372,31.46,18.88
1503358432,31.64,18.92
1503358492,31.50,17.72
1503358552,31.37,18.04
1503358612,31.42,18.18
1503358672,31.54,18.74
1503358732,31.75,18.75
1503358792,31.86,18.22
1503358852,31.84,18.72
1503358912,31.92,17.30
1503358972,31.68,16.99
1503359032,31.64,17.79
1503359092,31.60,18.10
1503359152,31.55,17.37
1503359212,31.51,18.61
1503359272,31.19,18.46
1503359332,30.97,18.04
1503359392,30.82,18.61
1503359452,30.74,18.23
1503359512,30.67,18.83
1503359572,30.71,19.32
1503359632,30.85,19.42
1503359692,31.04,19.15
1503359752,31.27,19.39
1503359812,31.34,19.40
1503359872,31.19,18.62
1503359932,31.10,18.38
1503359992,30.97,18.60
1503360052,30.87,18.41
1503360112,30.78,18.74
1503360172,30.90,19.79
1503360232,30.87,19.20
1503360292,30.90,19.13
1503360352,30.98,19.59
